PosXRight,PosYRight,alpha_VSP1,alpha_VSP2,omega_VSP1,omega_VSP2,u_BT,u_VSP1,u_VSP2,Absolute Time
0.000000,0.000000,0.000000,0.000000,0.300000,0.300000,0.000000,0.000000,0.000000,3568881932.580188
0.000000,0.000000,0.000000,0.000000,0.300000,0.300000,0.000000,0.000000,0.000000,3568881932.590189
0.000000,0.000000,0.000000,0.000000,0.300000,0.300000,0.000000,0.000000,0.000000,3568881932.600187
0.000000,0.000000,0.000000,0.000000,0.300000,0.300000,0.000000,0.000000,0.000000,3568881932.610188
0.000000,0.000000,0.000000,0.000000,0.300000,0.300000,0.000000,0.000000,0.000000,3568881932.620188
0.000000,0.000000,0.000000,0.000000,0.300000,0.300000,0.000000,0.000000,0.000000,3568881932.630190
0.000000,0.000000,0.000000,0.000000,0.300000,0.300000,0.000000,0.000000,0.000000,3568881932.640190
0.000000,0.000000,0.000000,0.000000,0.300000,0.300000,0.000000,0.000000,0.000000,3568881932.650189
0.000000,0.000000,0.000000,0.000000,0.300000,0.300000,0.000000,0.000000,0.000000,3568881932.660189
0.000000,0.000000,0.000000,0.000000,0.300000,0.300000,0.000000,0.000000,0.000000,3568881932.670191
0.000000,0.000000,0.000000,0.000000,0.300000,0.300000,0.000000,0.000000,0.000000,3568881932.680190
0.000000,0.000000,0.000000,0.000000,0.300000,0.300000,0.000000,0.000000,0.000000,3568881932.690191
0.000000,0.000000,0.000000,0.000000,0.300000,0.300000,0.000000,0.000000,0.000000,3568881932.700191
0.000000,0.000000,0.000000,0.000000,0.300000,0.300000,0.000000,0.000000,0.000000,3568881932.710191
0.000000,0.000000,0.000000,0.000000,0.300000,0.300000,0.000000,0.000000,0.000000,3568881932.720191
0.000000,0.000000,0.000000,0.000000,0.300000,0.300000,0.000000,0.000000,0.000000,3568881932.730191
0.000000,0.000000,0.000000,0.000000,0.300000,0.300000,0.000000,0.000000,0.000000,3568881932.740191
0.000000,0.000000,0.000000,0.000000,0.300000,0.300000,0.000000,0.000000,0.000000,3568881932.750194
0.000000,0.000000,0.000000,0.000000,0.300000,0.300000,0.000000,0.000000,0.000000,3568881932.760192
0.000000,0.000000,0.000000,0.000000,0.300000,0.300000,0.000000,0.000000,0.000000,3568881932.770191
0.000000,0.000000,0.000000,0.000000,0.300000,0.300000,0.000000,0.000000,0.000000,3568881932.780192
0.000000,0.000000,0.000000,0.000000,0.300000,0.300000,0.000000,0.000000,0.000000,3568881932.790193
0.000000,0.000000,0.000000,0.000000,0.300000,0.300000,0.000000,0.000000,0.000000,3568881932.800193
0.000000,0.000000,0.000000,0.000000,0.300000,0.300000,0.000000,0.000000,0.000000,3568881932.810194
0.000000,0.000000,0.000000,0.000000,0.300000,0.300000,0.000000,0.000000,0.000000,3568881932.820193
0.000000,0.000000,0.000000,0.000000,0.300000,0.300000,0.000000,0.000000,0.000000,3568881932.830194
0.000000,0.000000,0.000000,0.000000,0.300000,0.300000,0.000000,0.000000,0.000000,3568881932.840194
0.000000,0.000000,0.000000,0.000000,0.300000,0.300000,0.000000,0.000000,0.000000,3568881932.850194
0.000000,0.000000,0.000000,0.000000,0.300000,0.300000,0.000000,0.000000,0.000000,3568881932.860194
0.000000,0.000000,0.000000,0.000000,0.300000,0.300000,0.000000,0.000000,0.000000,3568881932.870196
0.000000,0.000000,0.000000,0.000000,0.300000,0.300000,0.000000,0.000000,0.000000,3568881932.880197
0.000000,0.000000,0.000000,0.000000,0.300000,0.300000,0.000000,0.000000,0.000000,3568881932.890196
0.000000,0.000000,0.000000,0.000000,0.300000,0.300000,0.000000,0.000000,0.000000,3568881932.900197
0.000000,0.000000,0.000000,0.000000,0.300000,0.300000,0.000000,0.000000,0.000000,3568881932.910197
0.000000,0.000000,0.000000,0.000000,0.300000,0.300000,0.000000,0.000000,0.000000,3568881932.920197
0.000000,0.000000,0.000000,0.000000,0.300000,0.300000,0.000000,0.000000,0.000000,3568881932.930198
0.000000,0.000000,0.000000,0.000000,0.300000,0.300000,0.000000,0.000000,0.000000,3568881932.940198
0.000000,0.000000,0.000000,0.000000,0.300000,0.300000,0.000000,0.000000,0.000000,3568881932.950198
0.000000,0.000000,0.000000,0.000000,0.300000,0.300000,0.000000,0.000000,0.000000,3568881932.960198
0.000000,0.000000,0.000000,0.000000,0.300000,0.300000,0.000000,0.000000,0.000000,3568881932.970198
0.000000,0.000000,0.000000,0.000000,0.300000,0.300000,0.000000,0.000000,0.000000,3568881932.980199
0.000000,0.000000,0.000000,0.000000,0.300000,0.300000,0.000000,0.000000,0.000000,3568881932.990199
0.000000,0.000000,0.000000,0.000000,0.300000,0.300000,0.000000,0.000000,0.000000,3568881933.000200
0.000000,0.000000,0.000000,0.000000,0.300000,0.300000,0.000000,0.000000,0.000000,3568881933.010199
0.000000,0.000000,0.000000,0.000000,0.300000,0.300000,0.000000,0.000000,0.000000,3568881933.020199
0.000000,0.000000,0.000000,0.000000,0.300000,0.300000,0.000000,0.000000,0.000000,3568881933.030199
0.000000,0.000000,0.000000,0.000000,0.300000,0.300000,0.000000,0.000000,0.000000,3568881933.040200
0.000000,0.000000,0.000000,0.000000,0.300000,0.300000,0.000000,0.000000,0.000000,3568881933.050202
0.000000,0.000000,0.000000,0.000000,0.300000,0.300000,0.000000,0.000000,0.000000,3568881933.060202
0.000000,0.000000,0.000000,0.000000,0.300000,0.300000,0.000000,0.000000,0.000000,3568881933.070200
0.000000,0.000000,0.000000,0.000000,0.300000,0.300000,0.000000,0.000000,0.000000,3568881933.080201
0.000000,0.000000,0.000000,0.000000,0.300000,0.300000,0.000000,0.000000,0.000000,3568881933.090201
0.000000,0.000000,0.000000,0.000000,0.300000,0.300000,0.000000,0.000000,0.000000,3568881933.100203
0.000000,0.000000,0.000000,0.000000,0.300000,0.300000,0.000000,0.000000,0.000000,3568881933.110201
0.000000,0.000000,0.000000,0.000000,0.300000,0.300000,0.000000,0.000000,0.000000,3568881933.120203
0.000000,0.000000,0.000000,0.000000,0.300000,0.300000,0.000000,0.000000,0.000000,3568881933.130202
0.000000,0.000000,0.000000,0.000000,0.300000,0.300000,0.000000,0.000000,0.000000,3568881933.140203
0.000000,0.000000,0.000000,0.000000,0.300000,0.300000,0.000000,0.000000,0.000000,3568881933.150203
0.000000,0.000000,0.000000,0.000000,0.300000,0.300000,0.000000,0.000000,0.000000,3568881933.160203
0.000000,0.000000,0.000000,0.000000,0.300000,0.300000,0.000000,0.000000,0.000000,3568881933.170204
0.000000,0.000000,0.000000,0.000000,0.300000,0.300000,0.000000,0.000000,0.000000,3568881933.180204
0.000000,0.000000,0.000000,0.000000,0.300000,0.300000,0.000000,0.000000,0.000000,3568881933.190204
0.000000,0.000000,0.000000,0.000000,0.300000,0.300000,0.000000,0.000000,0.000000,3568881933.200204
0.000000,0.000000,0.000000,0.000000,0.300000,0.300000,0.000000,0.000000,0.000000,3568881933.210205
0.000000,0.000000,0.000000,0.000000,0.300000,0.300000,0.000000,0.000000,0.000000,3568881933.220204
0.000000,0.000000,0.000000,0.000000,0.300000,0.300000,0.000000,0.000000,0.000000,3568881933.230206
0.000000,0.000000,0.000000,0.000000,0.300000,0.300000,0.000000,0.000000,0.000000,3568881933.240206
0.000000,0.000000,0.000000,0.000000,0.300000,0.300000,0.000000,0.000000,0.000000,3568881933.250206
0.000000,0.000000,0.000000,0.000000,0.300000,0.300000,0.000000,0.000000,0.000000,3568881933.260205
0.000000,0.000000,0.000000,0.000000,0.300000,0.300000,0.000000,0.000000,0.000000,3568881933.270205
0.000000,0.000000,0.000000,0.000000,0.300000,0.300000,0.000000,0.000000,0.000000,3568881933.280206
0.000000,0.000000,0.000000,0.000000,0.300000,0.300000,0.000000,0.000000,0.000000,3568881933.290207
0.000000,0.000000,0.000000,0.000000,0.300000,0.300000,0.000000,0.000000,0.000000,3568881933.300208
0.000000,0.000000,0.000000,0.000000,0.300000,0.300000,0.000000,0.000000,0.000000,3568881933.310206
0.000000,0.000000,0.000000,0.000000,0.300000,0.300000,0.000000,0.000000,0.000000,3568881933.320208
0.000000,0.000000,0.000000,0.000000,0.300000,0.300000,0.000000,0.000000,0.000000,3568881933.330207
0.000000,0.000000,0.000000,0.000000,0.300000,0.300000,0.000000,0.000000,0.000000,3568881933.340207
0.000000,0.000000,0.000000,0.000000,0.300000,0.300000,0.000000,0.000000,0.000000,3568881933.350209
0.000000,0.000000,0.000000,0.000000,0.300000,0.300000,0.000000,0.000000,0.000000,3568881933.360209
0.000000,0.000000,0.000000,0.000000,0.300000,0.300000,0.000000,0.000000,0.000000,3568881933.370208
0.000000,0.000000,0.000000,0.000000,0.300000,0.300000,0.000000,0.000000,0.000000,3568881933.380208
0.000000,0.000000,0.000000,0.000000,0.300000,0.300000,0.000000,0.000000,0.000000,3568881933.390209
0.000000,0.000000,0.000000,0.000000,0.300000,0.300000,0.000000,0.000000,0.000000,3568881933.400209
0.000000,0.000000,0.000000,0.000000,0.300000,0.300000,0.000000,0.000000,0.000000,3568881933.410211
0.000000,0.000000,0.000000,0.000000,0.300000,0.300000,0.000000,0.000000,0.000000,3568881933.420210
0.000000,0.000000,0.000000,0.000000,0.300000,0.300000,0.000000,0.000000,0.000000,3568881933.430211
0.000000,0.000000,0.000000,0.000000,0.300000,0.300000,0.000000,0.000000,0.000000,3568881933.440210
0.000000,0.000000,0.000000,0.000000,0.300000,0.300000,0.000000,0.000000,0.000000,3568881933.450210
0.000000,0.000000,0.000000,0.000000,0.300000,0.300000,0.000000,0.000000,0.000000,3568881933.460210
0.000000,0.000000,0.000000,0.000000,0.300000,0.300000,0.000000,0.000000,0.000000,3568881933.470212
0.000000,0.000000,0.000000,0.000000,0.300000,0.300000,0.000000,0.000000,0.000000,3568881933.480212
0.000000,0.000000,0.000000,0.000000,0.300000,0.300000,0.000000,0.000000,0.000000,3568881933.490213
0.123692,0.000000,0.000000,0.000000,0.300000,0.300000,0.000000,0.000000,0.000000,3568881933.500211
0.268044,0.000000,1.570796,1.570796,0.300000,0.300000,0.025473,0.024344,0.024344,3568881933.510212
0.422681,0.000000,1.570796,1.570796,0.300000,0.300000,0.055201,0.052755,0.052755,3568881933.520212
0.597949,0.000000,1.570796,1.570796,0.300000,0.300000,0.087048,0.083190,0.083190,3568881933.530214
0.597949,0.000000,1.570796,1.570796,0.300000,0.300000,0.123143,0.117686,0.117686,3568881933.540214
0.793817,0.000000,1.570796,1.570796,0.300000,0.300000,0.123143,0.117686,0.117686,3568881933.550213
0.958769,0.000000,1.570796,1.570796,0.300000,0.300000,0.163480,0.156235,0.156235,3568881933.560210
1.000000,0.000000,1.570796,1.570796,0.300000,0.300000,0.197450,0.188701,0.188701,3568881933.570213
1.000000,0.000000,1.570796,1.570796,0.300000,0.300000,0.205941,0.196815,0.196815,3568881933.580215
1.000000,0.000000,1.570796,1.570796,0.300000,0.300000,0.205941,0.196815,0.196815,3568881933.590215
1.000000,0.000000,1.570796,1.570796,0.300000,0.300000,0.205941,0.196815,0.196815,3568881933.600214
1.000000,0.000000,1.570796,1.570796,0.300000,0.300000,0.205941,0.196815,0.196815,3568881933.610215
1.000000,0.000000,1.570796,1.570796,0.300000,0.300000,0.205941,0.196815,0.196815,3568881933.620216
1.000000,0.000000,1.570796,1.570796,0.300000,0.300000,0.205941,0.196815,0.196815,3568881933.630216
1.000000,0.000000,1.570796,1.570796,0.300000,0.300000,0.205941,0.196815,0.196815,3568881933.640217
1.000000,0.000000,1.570796,1.570796,0.300000,0.300000,0.205941,0.196815,0.196815,3568881933.650216
1.000000,0.000000,1.570796,1.570796,0.300000,0.300000,0.205941,0.196815,0.196815,3568881933.660217
1.000000,0.000000,1.570796,1.570796,0.300000,0.300000,0.205941,0.196815,0.196815,3568881933.670217
1.000000,0.000000,1.570796,1.570796,0.300000,0.300000,0.205941,0.196815,0.196815,3568881933.680216
1.000000,0.000000,1.570796,1.570796,0.300000,0.300000,0.205941,0.196815,0.196815,3568881933.690217
1.000000,0.000000,1.570796,1.570796,0.300000,0.300000,0.205941,0.196815,0.196815,3568881933.700218
1.000000,0.000000,1.570796,1.570796,0.300000,0.300000,0.205941,0.196815,0.196815,3568881933.710218
1.000000,0.000000,1.570796,1.570796,0.300000,0.300000,0.205941,0.196815,0.196815,3568881933.720218
1.000000,0.000000,1.570796,1.570796,0.300000,0.300000,0.205941,0.196815,0.196815,3568881933.730218
1.000000,0.000000,1.570796,1.570796,0.300000,0.300000,0.205941,0.196815,0.196815,3568881933.740218
1.000000,0.000000,1.570796,1.570796,0.300000,0.300000,0.205941,0.196815,0.196815,3568881933.750219
1.000000,0.000000,1.570796,1.570796,0.300000,0.300000,0.205941,0.196815,0.196815,3568881933.760216
1.000000,0.000000,1.570796,1.570796,0.300000,0.300000,0.205941,0.196815,0.196815,3568881933.770220
1.000000,0.000000,1.570796,1.570796,0.300000,0.300000,0.205941,0.196815,0.196815,3568881933.780220
1.000000,0.000000,1.570796,1.570796,0.300000,0.300000,0.205941,0.196815,0.196815,3568881933.790219
1.000000,0.000000,1.570796,1.570796,0.300000,0.300000,0.205941,0.196815,0.196815,3568881933.800220
1.000000,0.000000,1.570796,1.570796,0.300000,0.300000,0.205941,0.196815,0.196815,3568881933.810220
1.000000,0.000000,1.570796,1.570796,0.300000,0.300000,0.205941,0.196815,0.196815,3568881933.820221
1.000000,0.000000,1.570796,1.570796,0.300000,0.300000,0.205941,0.196815,0.196815,3568881933.830222
1.000000,0.000000,1.570796,1.570796,0.300000,0.300000,0.205941,0.196815,0.196815,3568881933.840221
1.000000,0.000000,1.570796,1.570796,0.300000,0.300000,0.205941,0.196815,0.196815,3568881933.850221
1.000000,0.000000,1.570796,1.570796,0.300000,0.300000,0.205941,0.196815,0.196815,3568881933.860220
1.000000,0.000000,1.570796,1.570796,0.300000,0.300000,0.205941,0.196815,0.196815,3568881933.870222
1.000000,0.000000,1.570796,1.570796,0.300000,0.300000,0.205941,0.196815,0.196815,3568881933.880221
1.000000,0.000000,1.570796,1.570796,0.300000,0.300000,0.205941,0.196815,0.196815,3568881933.890224
1.000000,0.000000,1.570796,1.570796,0.300000,0.300000,0.205941,0.196815,0.196815,3568881933.900223
1.000000,0.000000,1.570796,1.570796,0.300000,0.300000,0.205941,0.196815,0.196815,3568881933.910223
1.000000,0.000000,1.570796,1.570796,0.300000,0.300000,0.205941,0.196815,0.196815,3568881933.920224
1.000000,0.000000,1.570796,1.570796,0.300000,0.300000,0.205941,0.196815,0.196815,3568881933.930223
1.000000,0.000000,1.570796,1.570796,0.300000,0.300000,0.205941,0.196815,0.196815,3568881933.940224
1.000000,0.000000,1.570796,1.570796,0.300000,0.300000,0.205941,0.196815,0.196815,3568881933.950226
1.000000,0.000000,1.570796,1.570796,0.300000,0.300000,0.205941,0.196815,0.196815,3568881933.960225
1.000000,0.000000,1.570796,1.570796,0.300000,0.300000,0.205941,0.196815,0.196815,3568881933.970224
1.000000,0.000000,1.570796,1.570796,0.300000,0.300000,0.205941,0.196815,0.196815,3568881933.980225
1.000000,0.000000,1.570796,1.570796,0.300000,0.300000,0.205941,0.196815,0.196815,3568881933.990225
1.000000,0.000000,1.570796,1.570796,0.300000,0.300000,0.205941,0.196815,0.196815,3568881934.000225
1.000000,0.000000,1.570796,1.570796,0.300000,0.300000,0.205941,0.196815,0.196815,3568881934.010226
1.000000,0.000000,1.570796,1.570796,0.300000,0.300000,0.205941,0.196815,0.196815,3568881934.020226
1.000000,0.000000,1.570796,1.570796,0.300000,0.300000,0.205941,0.196815,0.196815,3568881934.030225
1.000000,0.000000,1.570796,1.570796,0.300000,0.300000,0.205941,0.196815,0.196815,3568881934.040226
1.000000,0.000000,1.570796,1.570796,0.300000,0.300000,0.205941,0.196815,0.196815,3568881934.050227
1.000000,0.000000,1.570796,1.570796,0.300000,0.300000,0.205941,0.196815,0.196815,3568881934.060225
1.000000,0.000000,1.570796,1.570796,0.300000,0.300000,0.205941,0.196815,0.196815,3568881934.070228
1.000000,0.000000,1.570796,1.570796,0.300000,0.300000,0.205941,0.196815,0.196815,3568881934.080228
1.000000,0.000000,1.570796,1.570796,0.300000,0.300000,0.205941,0.196815,0.196815,3568881934.090227
1.000000,0.000000,1.570796,1.570796,0.300000,0.300000,0.205941,0.196815,0.196815,3568881934.100228
1.000000,0.000000,1.570796,1.570796,0.300000,0.300000,0.205941,0.196815,0.196815,3568881934.110229
1.000000,0.000000,1.570796,1.570796,0.300000,0.300000,0.205941,0.196815,0.196815,3568881934.120229
1.000000,0.000000,1.570796,1.570796,0.300000,0.300000,0.205941,0.196815,0.196815,3568881934.130229
1.000000,0.000000,1.570796,1.570796,0.300000,0.300000,0.205941,0.196815,0.196815,3568881934.140230
1.000000,0.000000,1.570796,1.570796,0.300000,0.300000,0.205941,0.196815,0.196815,3568881934.150229
1.000000,0.000000,1.570796,1.570796,0.300000,0.300000,0.205941,0.196815,0.196815,3568881934.160229
1.000000,0.000000,1.570796,1.570796,0.300000,0.300000,0.205941,0.196815,0.196815,3568881934.170230
1.000000,0.000000,1.570796,1.570796,0.300000,0.300000,0.205941,0.196815,0.196815,3568881934.180230
1.000000,0.000000,1.570796,1.570796,0.300000,0.300000,0.205941,0.196815,0.196815,3568881934.190232
1.000000,0.000000,1.570796,1.570796,0.300000,0.300000,0.205941,0.196815,0.196815,3568881934.200232
1.000000,0.000000,1.570796,1.570796,0.300000,0.300000,0.205941,0.196815,0.196815,3568881934.210231
1.000000,0.000000,1.570796,1.570796,0.300000,0.300000,0.205941,0.196815,0.196815,3568881934.220231
1.000000,0.000000,1.570796,1.570796,0.300000,0.300000,0.205941,0.196815,0.196815,3568881934.230231
1.000000,0.000000,1.570796,1.570796,0.300000,0.300000,0.205941,0.196815,0.196815,3568881934.240232
1.000000,0.000000,1.570796,1.570796,0.300000,0.300000,0.205941,0.196815,0.196815,3568881934.250233
1.000000,0.000000,1.570796,1.570796,0.300000,0.300000,0.205941,0.196815,0.196815,3568881934.260232
1.000000,0.000000,1.570796,1.570796,0.300000,0.300000,0.205941,0.196815,0.196815,3568881934.270232
1.000000,0.000000,1.570796,1.570796,0.300000,0.300000,0.205941,0.196815,0.196815,3568881934.280233
1.000000,0.000000,1.570796,1.570796,0.300000,0.300000,0.205941,0.196815,0.196815,3568881934.290233
1.000000,0.000000,1.570796,1.570796,0.300000,0.300000,0.205941,0.196815,0.196815,3568881934.300233
1.000000,0.000000,1.570796,1.570796,0.300000,0.300000,0.205941,0.196815,0.196815,3568881934.310234
1.000000,0.000000,1.570796,1.570796,0.300000,0.300000,0.205941,0.196815,0.196815,3568881934.320233
1.000000,0.000000,1.570796,1.570796,0.300000,0.300000,0.205941,0.196815,0.196815,3568881934.330234
1.000000,0.000000,1.570796,1.570796,0.300000,0.300000,0.205941,0.196815,0.196815,3568881934.340235
1.000000,0.000000,1.570796,1.570796,0.300000,0.300000,0.205941,0.196815,0.196815,3568881934.350235
-1.000000,0.000000,1.570796,1.570796,0.300000,0.300000,0.205941,0.196815,0.196815,3568881934.360234
-1.000000,-1.000000,-1.570796,-1.570796,0.300000,0.300000,-0.205941,0.196815,0.196815,3568881934.370236
-1.000000,-1.000000,-0.429966,-0.429966,0.300000,0.300000,-0.205941,0.472161,0.472161,3568881934.380236
-1.000000,-1.000000,-0.429966,-0.429966,0.300000,0.300000,-0.205941,0.472161,0.472161,3568881934.390235
-1.000000,-1.000000,-0.429966,-0.429966,0.300000,0.300000,-0.205941,0.472161,0.472161,3568881934.400236
-1.000000,-1.000000,-0.429966,-0.429966,0.300000,0.300000,-0.205941,0.472161,0.472161,3568881934.410236
-1.000000,-1.000000,-0.429966,-0.429966,0.300000,0.300000,-0.205941,0.472161,0.472161,3568881934.420237
1.000000,-1.000000,-0.429966,-0.429966,0.300000,0.300000,-0.205941,0.472161,0.472161,3568881934.430237
1.000000,0.000000,0.429966,0.429966,0.300000,0.300000,0.205941,0.472161,0.472161,3568881934.440237
1.000000,0.000000,1.570796,1.570796,0.300000,0.300000,0.205941,0.196815,0.196815,3568881934.450237
1.000000,0.000000,1.570796,1.570796,0.300000,0.300000,0.205941,0.196815,0.196815,3568881934.460237
1.000000,0.000000,1.570796,1.570796,0.300000,0.300000,0.205941,0.196815,0.196815,3568881934.470237
1.000000,0.000000,1.570796,1.570796,0.300000,0.300000,0.205941,0.196815,0.196815,3568881934.480238
1.000000,0.000000,1.570796,1.570796,0.300000,0.300000,0.205941,0.196815,0.196815,3568881934.490238
1.000000,0.000000,1.570796,1.570796,0.300000,0.300000,0.205941,0.196815,0.196815,3568881934.500239
1.000000,0.000000,1.570796,1.570796,0.300000,0.300000,0.205941,0.196815,0.196815,3568881934.510238
1.000000,0.000000,1.570796,1.570796,0.300000,0.300000,0.205941,0.196815,0.196815,3568881934.520238
1.000000,0.000000,1.570796,1.570796,0.300000,0.300000,0.205941,0.196815,0.196815,3568881934.530239
1.000000,0.000000,1.570796,1.570796,0.300000,0.300000,0.205941,0.196815,0.196815,3568881934.540239
1.000000,0.000000,1.570796,1.570796,0.300000,0.300000,0.205941,0.196815,0.196815,3568881934.550241
1.000000,0.000000,1.570796,1.570796,0.300000,0.300000,0.205941,0.196815,0.196815,3568881934.560238
1.000000,0.000000,1.570796,1.570796,0.300000,0.300000,0.205941,0.196815,0.196815,3568881934.570240
1.000000,0.000000,1.570796,1.570796,0.300000,0.300000,0.205941,0.196815,0.196815,3568881934.580241
1.000000,0.000000,1.570796,1.570796,0.300000,0.300000,0.205941,0.196815,0.196815,3568881934.590240
1.000000,0.000000,1.570796,1.570796,0.300000,0.300000,0.205941,0.196815,0.196815,3568881934.600241
1.000000,0.000000,1.570796,1.570796,0.300000,0.300000,0.205941,0.196815,0.196815,3568881934.610242
1.000000,0.000000,1.570796,1.570796,0.300000,0.300000,0.205941,0.196815,0.196815,3568881934.620243
1.000000,0.000000,1.570796,1.570796,0.300000,0.300000,0.205941,0.196815,0.196815,3568881934.630242
1.000000,0.000000,1.570796,1.570796,0.300000,0.300000,0.205941,0.196815,0.196815,3568881934.640244
1.000000,0.000000,1.570796,1.570796,0.300000,0.300000,0.205941,0.196815,0.196815,3568881934.650242
1.000000,0.000000,1.570796,1.570796,0.300000,0.300000,0.205941,0.196815,0.196815,3568881934.660242
1.000000,0.000000,1.570796,1.570796,0.300000,0.300000,0.205941,0.196815,0.196815,3568881934.670245
1.000000,0.000000,1.570796,1.570796,0.300000,0.300000,0.205941,0.196815,0.196815,3568881934.680244
1.000000,0.000000,1.570796,1.570796,0.300000,0.300000,0.205941,0.196815,0.196815,3568881934.690243
1.000000,0.000000,1.570796,1.570796,0.300000,0.300000,0.205941,0.196815,0.196815,3568881934.700244
1.000000,0.000000,1.570796,1.570796,0.300000,0.300000,0.205941,0.196815,0.196815,3568881934.710244
1.000000,0.000000,1.570796,1.570796,0.300000,0.300000,0.205941,0.196815,0.196815,3568881934.720244
1.000000,0.000000,1.570796,1.570796,0.300000,0.300000,0.205941,0.196815,0.196815,3568881934.730246
1.000000,0.000000,1.570796,1.570796,0.300000,0.300000,0.205941,0.196815,0.196815,3568881934.740245
1.000000,0.000000,1.570796,1.570796,0.300000,0.300000,0.205941,0.196815,0.196815,3568881934.750244
1.000000,0.000000,1.570796,1.570796,0.300000,0.300000,0.205941,0.196815,0.196815,3568881934.760244
1.000000,0.000000,1.570796,1.570796,0.300000,0.300000,0.205941,0.196815,0.196815,3568881934.770245
1.000000,0.000000,1.570796,1.570796,0.300000,0.300000,0.205941,0.196815,0.196815,3568881934.780246
1.000000,0.000000,1.570796,1.570796,0.300000,0.300000,0.205941,0.196815,0.196815,3568881934.790247
1.000000,0.000000,1.570796,1.570796,0.300000,0.300000,0.205941,0.196815,0.196815,3568881934.800247
1.000000,0.000000,1.570796,1.570796,0.300000,0.300000,0.205941,0.196815,0.196815,3568881934.810246
1.000000,0.000000,1.570796,1.570796,0.300000,0.300000,0.205941,0.196815,0.196815,3568881934.820247
1.000000,0.000000,1.570796,1.570796,0.300000,0.300000,0.205941,0.196815,0.196815,3568881934.830246
1.000000,0.000000,1.570796,1.570796,0.300000,0.300000,0.205941,0.196815,0.196815,3568881934.840247
1.000000,0.000000,1.570796,1.570796,0.300000,0.300000,0.205941,0.196815,0.196815,3568881934.850249
1.000000,0.000000,1.570796,1.570796,0.300000,0.300000,0.205941,0.196815,0.196815,3568881934.860250
1.000000,0.000000,1.570796,1.570796,0.300000,0.300000,0.205941,0.196815,0.196815,3568881934.870247
1.000000,0.000000,1.570796,1.570796,0.300000,0.300000,0.205941,0.196815,0.196815,3568881934.880249
1.000000,0.000000,1.570796,1.570796,0.300000,0.300000,0.205941,0.196815,0.196815,3568881934.890249
1.000000,0.000000,1.570796,1.570796,0.300000,0.300000,0.205941,0.196815,0.196815,3568881934.900249
1.000000,0.000000,1.570796,1.570796,0.300000,0.300000,0.205941,0.196815,0.196815,3568881934.910251
1.000000,0.000000,1.570796,1.570796,0.300000,0.300000,0.205941,0.196815,0.196815,3568881934.920250
1.000000,0.000000,1.570796,1.570796,0.300000,0.300000,0.205941,0.196815,0.196815,3568881934.930249
1.000000,0.000000,1.570796,1.570796,0.300000,0.300000,0.205941,0.196815,0.196815,3568881934.940249
1.000000,0.000000,1.570796,1.570796,0.300000,0.300000,0.205941,0.196815,0.196815,3568881934.950250
1.000000,0.000000,1.570796,1.570796,0.300000,0.300000,0.205941,0.196815,0.196815,3568881934.960251
1.000000,0.000000,1.570796,1.570796,0.300000,0.300000,0.205941,0.196815,0.196815,3568881934.970252
1.000000,0.000000,1.570796,1.570796,0.300000,0.300000,0.205941,0.196815,0.196815,3568881934.980250
1.000000,0.000000,1.570796,1.570796,0.300000,0.300000,0.205941,0.196815,0.196815,3568881934.990252
1.000000,0.000000,1.570796,1.570796,0.300000,0.300000,0.205941,0.196815,0.196815,3568881935.000251
1.000000,0.000000,1.570796,1.570796,0.300000,0.300000,0.205941,0.196815,0.196815,3568881935.010252
1.000000,0.000000,1.570796,1.570796,0.300000,0.300000,0.205941,0.196815,0.196815,3568881935.020253
0.948454,0.000000,1.570796,1.570796,0.300000,0.300000,0.205941,0.196815,0.196815,3568881935.030254
0.948454,0.000000,1.570796,1.570796,0.300000,0.300000,0.195326,0.186670,0.186670,3568881935.040253
0.608264,0.000000,1.570796,1.570796,0.300000,0.300000,0.195326,0.186670,0.186670,3568881935.050253
0.608264,0.000000,1.570796,1.570796,0.300000,0.300000,0.125267,0.119716,0.119716,3568881935.060252
0.288644,0.000000,1.570796,1.570796,0.300000,0.300000,0.125267,0.119716,0.119716,3568881935.070253
0.000000,0.000000,1.570796,1.570796,0.300000,0.300000,0.059444,0.056810,0.056810,3568881935.080254
0.000000,0.000000,0.000000,0.000000,0.300000,0.300000,0.000000,0.000000,0.000000,3568881935.090255
0.000000,0.000000,0.000000,0.000000,0.300000,0.300000,0.000000,0.000000,0.000000,3568881935.100255
0.000000,0.000000,0.000000,0.000000,0.300000,0.300000,0.000000,0.000000,0.000000,3568881935.110256
0.000000,0.000000,0.000000,0.000000,0.300000,0.300000,0.000000,0.000000,0.000000,3568881935.120255
0.000000,0.000000,0.000000,0.000000,0.300000,0.300000,0.000000,0.000000,0.000000,3568881935.130256
0.000000,0.000000,0.000000,0.000000,0.300000,0.300000,0.000000,0.000000,0.000000,3568881935.140255
0.000000,0.000000,0.000000,0.000000,0.300000,0.300000,0.000000,0.000000,0.000000,3568881935.150258
0.000000,0.000000,0.000000,0.000000,0.300000,0.300000,0.000000,0.000000,0.000000,3568881935.160258
0.000000,0.000000,0.000000,0.000000,0.300000,0.300000,0.000000,0.000000,0.000000,3568881935.170257
0.000000,0.000000,0.000000,0.000000,0.300000,0.300000,0.000000,0.000000,0.000000,3568881935.180256
0.000000,0.000000,0.000000,0.000000,0.300000,0.300000,0.000000,0.000000,0.000000,3568881935.190257
0.000000,0.000000,0.000000,0.000000,0.300000,0.300000,0.000000,0.000000,0.000000,3568881935.200257
0.000000,0.000000,0.000000,0.000000,0.300000,0.300000,0.000000,0.000000,0.000000,3568881935.210258
0.000000,0.000000,0.000000,0.000000,0.300000,0.300000,0.000000,0.000000,0.000000,3568881935.220259
0.000000,0.000000,0.000000,0.000000,0.300000,0.300000,0.000000,0.000000,0.000000,3568881935.230258
0.000000,0.000000,0.000000,0.000000,0.300000,0.300000,0.000000,0.000000,0.000000,3568881935.240258
0.000000,0.000000,0.000000,0.000000,0.300000,0.300000,0.000000,0.000000,0.000000,3568881935.250259
0.000000,0.000000,0.000000,0.000000,0.300000,0.300000,0.000000,0.000000,0.000000,3568881935.260257
0.000000,0.000000,0.000000,0.000000,0.300000,0.300000,0.000000,0.000000,0.000000,3568881935.270260
0.000000,0.000000,0.000000,0.000000,0.300000,0.300000,0.000000,0.000000,0.000000,3568881935.280259
0.000000,0.000000,0.000000,0.000000,0.300000,0.300000,0.000000,0.000000,0.000000,3568881935.290259
0.000000,0.000000,0.000000,0.000000,0.300000,0.300000,0.000000,0.000000,0.000000,3568881935.300260
0.000000,0.000000,0.000000,0.000000,0.300000,0.300000,0.000000,0.000000,0.000000,3568881935.310260
0.000000,0.000000,0.000000,0.000000,0.300000,0.300000,0.000000,0.000000,0.000000,3568881935.320260
0.000000,0.000000,0.000000,0.000000,0.300000,0.300000,0.000000,0.000000,0.000000,3568881935.330261
0.000000,0.000000,0.000000,0.000000,0.300000,0.300000,0.000000,0.000000,0.000000,3568881935.340261
0.000000,0.000000,0.000000,0.000000,0.300000,0.300000,0.000000,0.000000,0.000000,3568881935.350261
0.000000,0.000000,0.000000,0.000000,0.300000,0.300000,0.000000,0.000000,0.000000,3568881935.360260
0.000000,0.000000,0.000000,0.000000,0.300000,0.300000,0.000000,0.000000,0.000000,3568881935.370262
0.000000,0.000000,0.000000,0.000000,0.300000,0.300000,0.000000,0.000000,0.000000,3568881935.380261
0.000000,0.000000,0.000000,0.000000,0.300000,0.300000,0.000000,0.000000,0.000000,3568881935.390263
0.000000,0.000000,0.000000,0.000000,0.300000,0.300000,0.000000,0.000000,0.000000,3568881935.400262
0.000000,0.000000,0.000000,0.000000,0.300000,0.300000,0.000000,0.000000,0.000000,3568881935.410263
0.000000,0.000000,0.000000,0.000000,0.300000,0.300000,0.000000,0.000000,0.000000,3568881935.420264
0.000000,0.000000,0.000000,0.000000,0.300000,0.300000,0.000000,0.000000,0.000000,3568881935.430262
0.000000,0.000000,0.000000,0.000000,0.300000,0.300000,0.000000,0.000000,0.000000,3568881935.440264
0.000000,0.000000,0.000000,0.000000,0.300000,0.300000,0.000000,0.000000,0.000000,3568881935.450264
0.000000,0.000000,0.000000,0.000000,0.300000,0.300000,0.000000,0.000000,0.000000,3568881935.460264
0.000000,0.000000,0.000000,0.000000,0.300000,0.300000,0.000000,0.000000,0.000000,3568881935.470265
0.000000,0.000000,0.000000,0.000000,0.300000,0.300000,0.000000,0.000000,0.000000,3568881935.480265
0.000000,0.000000,0.000000,0.000000,0.300000,0.300000,0.000000,0.000000,0.000000,3568881935.490264
0.000000,0.000000,0.000000,0.000000,0.300000,0.300000,0.000000,0.000000,0.000000,3568881935.500264
0.000000,0.000000,0.000000,0.000000,0.300000,0.300000,0.000000,0.000000,0.000000,3568881935.510267
0.000000,0.000000,0.000000,0.000000,0.300000,0.300000,0.000000,0.000000,0.000000,3568881935.520266
0.000000,0.000000,0.000000,0.000000,0.300000,0.300000,0.000000,0.000000,0.000000,3568881935.530266
0.000000,0.000000,0.000000,0.000000,0.300000,0.300000,0.000000,0.000000,0.000000,3568881935.540266
0.000000,0.000000,0.000000,0.000000,0.300000,0.300000,0.000000,0.000000,0.000000,3568881935.550266
0.000000,0.000000,0.000000,0.000000,0.300000,0.300000,0.000000,0.000000,0.000000,3568881935.560263
0.000000,0.000000,0.000000,0.000000,0.300000,0.300000,0.000000,0.000000,0.000000,3568881935.570268
0.000000,0.000000,0.000000,0.000000,0.300000,0.300000,0.000000,0.000000,0.000000,3568881935.580268
0.000000,0.000000,0.000000,0.000000,0.300000,0.300000,0.000000,0.000000,0.000000,3568881935.590267
0.000000,0.000000,0.000000,0.000000,0.300000,0.300000,0.000000,0.000000,0.000000,3568881935.600268
0.000000,0.000000,0.000000,0.000000,0.300000,0.300000,0.000000,0.000000,0.000000,3568881935.610268
0.000000,0.000000,0.000000,0.000000,0.300000,0.300000,0.000000,0.000000,0.000000,3568881935.620267
0.000000,0.000000,0.000000,0.000000,0.300000,0.300000,0.000000,0.000000,0.000000,3568881935.630270
0.000000,0.000000,0.000000,0.000000,0.300000,0.300000,0.000000,0.000000,0.000000,3568881935.640270
0.000000,0.000000,0.000000,0.000000,0.300000,0.300000,0.000000,0.000000,0.000000,3568881935.650269
0.000000,0.000000,0.000000,0.000000,0.300000,0.300000,0.000000,0.000000,0.000000,3568881935.660268
0.000000,0.000000,0.000000,0.000000,0.300000,0.300000,0.000000,0.000000,0.000000,3568881935.670269
0.000000,0.000000,0.000000,0.000000,0.300000,0.300000,0.000000,0.000000,0.000000,3568881935.680269
0.000000,0.000000,0.000000,0.000000,0.300000,0.300000,0.000000,0.000000,0.000000,3568881935.690271
0.000000,0.000000,0.000000,0.000000,0.300000,0.300000,0.000000,0.000000,0.000000,3568881935.700271
0.000000,0.000000,0.000000,0.000000,0.300000,0.300000,0.000000,0.000000,0.000000,3568881935.710270
0.000000,0.000000,0.000000,0.000000,0.300000,0.300000,0.000000,0.000000,0.000000,3568881935.720271
0.000000,0.000000,0.000000,0.000000,0.300000,0.300000,0.000000,0.000000,0.000000,3568881935.730271
0.000000,0.000000,0.000000,0.000000,0.300000,0.300000,0.000000,0.000000,0.000000,3568881935.740271
0.000000,0.000000,0.000000,0.000000,0.300000,0.300000,0.000000,0.000000,0.000000,3568881935.750273
0.000000,0.000000,0.000000,0.000000,0.300000,0.300000,0.000000,0.000000,0.000000,3568881935.760272
0.000000,0.000000,0.000000,0.000000,0.300000,0.300000,0.000000,0.000000,0.000000,3568881935.770272
0.000000,0.000000,0.000000,0.000000,0.300000,0.300000,0.000000,0.000000,0.000000,3568881935.780273
0.000000,0.000000,0.000000,0.000000,0.300000,0.300000,0.000000,0.000000,0.000000,3568881935.790273
0.000000,0.000000,0.000000,0.000000,0.300000,0.300000,0.000000,0.000000,0.000000,3568881935.800273
0.000000,0.000000,0.000000,0.000000,0.300000,0.300000,0.000000,0.000000,0.000000,3568881935.810274
0.000000,0.000000,0.000000,0.000000,0.300000,0.300000,0.000000,0.000000,0.000000,3568881935.820273
0.000000,0.000000,0.000000,0.000000,0.300000,0.300000,0.000000,0.000000,0.000000,3568881935.830273
0.000000,0.000000,0.000000,0.000000,0.300000,0.300000,0.000000,0.000000,0.000000,3568881935.840273
0.000000,0.000000,0.000000,0.000000,0.300000,0.300000,0.000000,0.000000,0.000000,3568881935.850274
0.000000,0.000000,0.000000,0.000000,0.300000,0.300000,0.000000,0.000000,0.000000,3568881935.860273
0.000000,0.000000,0.000000,0.000000,0.300000,0.300000,0.000000,0.000000,0.000000,3568881935.870276
0.000000,0.000000,0.000000,0.000000,0.300000,0.300000,0.000000,0.000000,0.000000,3568881935.880276
0.000000,0.000000,0.000000,0.000000,0.300000,0.300000,0.000000,0.000000,0.000000,3568881935.890275
0.000000,0.000000,0.000000,0.000000,0.300000,0.300000,0.000000,0.000000,0.000000,3568881935.900276
0.000000,0.000000,0.000000,0.000000,0.300000,0.300000,0.000000,0.000000,0.000000,3568881935.910275
0.000000,0.000000,0.000000,0.000000,0.300000,0.300000,0.000000,0.000000,0.000000,3568881935.920277
0.000000,0.000000,0.000000,0.000000,0.300000,0.300000,0.000000,0.000000,0.000000,3568881935.930278
0.000000,0.000000,0.000000,0.000000,0.300000,0.300000,0.000000,0.000000,0.000000,3568881935.940278
0.000000,0.000000,0.000000,0.000000,0.300000,0.300000,0.000000,0.000000,0.000000,3568881935.950277
0.000000,0.000000,0.000000,0.000000,0.300000,0.300000,0.000000,0.000000,0.000000,3568881935.960277
0.000000,0.000000,0.000000,0.000000,0.300000,0.300000,0.000000,0.000000,0.000000,3568881935.970277
0.000000,0.000000,0.000000,0.000000,0.300000,0.300000,0.000000,0.000000,0.000000,3568881935.980279
0.000000,0.000000,0.000000,0.000000,0.300000,0.300000,0.000000,0.000000,0.000000,3568881935.990280
0.000000,0.000000,0.000000,0.000000,0.300000,0.300000,0.000000,0.000000,0.000000,3568881936.000279
0.000000,0.000000,0.000000,0.000000,0.300000,0.300000,0.000000,0.000000,0.000000,3568881936.010278
0.000000,0.000000,0.000000,0.000000,0.300000,0.300000,0.000000,0.000000,0.000000,3568881936.020278
0.000000,0.000000,0.000000,0.000000,0.300000,0.300000,0.000000,0.000000,0.000000,3568881936.030278
0.000000,0.000000,0.000000,0.000000,0.300000,0.300000,0.000000,0.000000,0.000000,3568881936.040280
0.000000,0.000000,0.000000,0.000000,0.300000,0.300000,0.000000,0.000000,0.000000,3568881936.050281
0.000000,0.000000,0.000000,0.000000,0.300000,0.300000,0.000000,0.000000,0.000000,3568881936.060280
0.000000,0.000000,0.000000,0.000000,0.300000,0.300000,0.000000,0.000000,0.000000,3568881936.070279
0.000000,0.000000,0.000000,0.000000,0.300000,0.300000,0.000000,0.000000,0.000000,3568881936.080280
0.000000,0.000000,0.000000,0.000000,0.300000,0.300000,0.000000,0.000000,0.000000,3568881936.090280
0.000000,0.000000,0.000000,0.000000,0.300000,0.300000,0.000000,0.000000,0.000000,3568881936.100281
0.000000,0.000000,0.000000,0.000000,0.300000,0.300000,0.000000,0.000000,0.000000,3568881936.110281
0.000000,0.000000,0.000000,0.000000,0.300000,0.300000,0.000000,0.000000,0.000000,3568881936.120282
0.000000,0.000000,0.000000,0.000000,0.300000,0.300000,0.000000,0.000000,0.000000,3568881936.130281
0.000000,0.000000,0.000000,0.000000,0.300000,0.300000,0.000000,0.000000,0.000000,3568881936.140282
0.000000,0.000000,0.000000,0.000000,0.300000,0.300000,0.000000,0.000000,0.000000,3568881936.150282
0.000000,0.000000,0.000000,0.000000,0.300000,0.300000,0.000000,0.000000,0.000000,3568881936.160282
0.000000,0.000000,0.000000,0.000000,0.300000,0.300000,0.000000,0.000000,0.000000,3568881936.170283
